$ANSIBLE_VAULT;1.1;AES256
32636265653532643330323636396261376637333638643733386362343864663661326462303238
3230336631323532336561613564303632383239633639380a613032356631383261663031303562
30386664313963613132363234643062333838393539663631303961363863313432393461663536
3234663332393366640a646538303832653338623362383964383331393533306664336233633739
36323530653765613761323133393666306164643638323831303835346439316662663965633233
33306233373035326232356166636138623238323265626261343134316230366436333031613339
35383837626434623234383963363666643132376261393938306438356566626562336433313565
31663261613231333333363766646463333462343439666638643839343930643661383537326365
35373333306437313731313163633238303631316565653638306330323164636261333566613961
65626332333334353434663864303233303962373963343364623066373233646231626430636462
61323362393736663530333062666164326237383234623766383666616666333364333561383266
65636636353466333262616666396335623937643037613063373530363461396633363033343835
35383362383165303265633633623038353561626334333165303361613865636562663664666539
30396365616362386133363761303864616564316331323438313364306138633834336134333539
66623930626333643863336638636161646138643637383664646339663035323463356330636534
62663331653361623036393136643765363631356561336434323463393836666162383732383938
35326138353631386366343462383439306630333536643465363931623935623536316532643265
64326433656532386435626431666432333731666334313265343332623865613230643330663339
35643737626665663837366665663537343062363433313535646638623532633235326430626166
63623762623731383662376266366261623364666236616439613335323662316265636664653634
36626136316262616336666362386131363063663532306231376132396136653033333335306539
32303562333231626431623231386466616133333939323033376461666463663138333032643163
36373461306535303330663863313230306538643835366161653935303064383463363339356665
64333361353438666435616237363365303839326163346532656338386464663538343338636435
63336366313266396337666161323936383463376165343866613739636362336136396331363933
34363534626432373664383130633266393239313266643661316266623336326235343534306236
37306535313566623964663265373337313838393862663065373965343736336534323538343932
37313434306239653031333336333336373437313766383337636435663533346162373732636133
33393235373766353538363666643636653363343935616133653034343264336237666565303537
65393834396536373162323264613566363961333866373033393037306531653464373635356430
38393832376533306365346139303463306536326265333536323838363135316634646533356434
38326633626239643836656363323030643664353862323861626232356336613832383765323635
35353336643639363162653939663535333063643638646139346564663732363064306362383532
64656661363530623561633434653637346538656364363734656664356634656330646139303430
36333762343732373565323764343666383464376535386433626532316637353836313639383561
64623132333736393434306135363631623962336661383336636232356638653562303461363934
34643266333930643139346438353961333437623732306363346138383633353430386333643634
33653538383765353362353939323736356264306366386538623264646333646566656339316136
31643065333534623035343666323936343662653837353139326533333035393330393537393335
62616163643936333435333263333661356239613262363765383335643937373762356364643234
65373964326134393965313264623132623438633036613532636530653733666236383062613937
31643931346231656362353263633031353235313731343232356430353464616339616537636238
33633232386666626334626161613233313866323330353466643134306136363164336535363033
39653239376666353633333464613833353730313836363764356439376539386263323333633637
62393638303839646637633437373964313337656161343530346238313238396632383835653136
36343161343533343961373662613562373133393030333439663234613566323039636138356461
61656131663666376231633732386663636539643631373330376164643636356137616433333637
61383234626636356362303931366233313338306566633663633337316465366439663636343438
63353438346366653933623061333336653837343931373238636235366535626563666565383032
63353235303136366333373363346233333137393435386337653637653434613839653730666132
63623462393134333536323535366531363531633432616563663835366463613438393265303635
37326163643535313432336139663533306139303636323266643838626362343737663465623639
32623235376262633565663865366637653939653561383165643033346163656530336566653764
33633539656230313164396138616535333837373334343862363463326639366238353936316630
64626134393462613465333037326137373833643262643736663437623233323366356162393064
34363033333132336366643335653532646339613135346461663961373661346535376138633362
61623864643232623764303935393161653032653266646663313665636438646231323661613566
64393339346361623239303138333933653238366331626663666239356638396633363734643631
39376666623133383565333861316562643163656131623734313030343933643165313834663564
30393566333861383333623235383264646530336361616231636532363966336236653539336335
64313133326238333136653936393631346238663631376365383762336234613765313730383731
36396165356139626163306533333162656536323762613138633735303065656333366535383164
33633361373333323932623534366662326661363261623335666464643936343532356263643438
34393165343938346230376366616530353935636264303930616336316137613139623638653832
66633939323364636631626632333565346539653938373833393334363232323031633536386265
62616333333330306537306238616661623661376236326636383839346662366164613939356338
32396135653864633064373235326261643631643762313033366465643034653438393939663433
35643236386562323439366562613533663035323765666230356534623566353534356533663461
64373564373562356234396637656266386437333165616663373233656238616432366536616636
39363765346461653438393134663330653965333164373763636362636138316566333131396430
37316665333233313139623935383532613765376362663863306237376663666631393266336533
36326231323638613438626132303533633333666237366338303831626539303535393238393739
61633466363262323434393734616530653035353735643638353565306664663930333664333436
33653637626463316638353539386130643261363037623435643533653031663635303966623930
63313139353263336362613764363936643934613037376135363666343036346538383364626538
30376233353161313362363766316162616331346264333865326438386338626331393062636237
35376335666465383233663161386530333661653034356133306132333363613161663434306533
62353664626665383961323161393530376162383863356465613963666437313563386634653763
36323135323465316433306633313466346431336661633131643733653339653465636337626166
61643837373166633232663133633730653537666132386437386266303930636638633231333232
61656534356433386333313462666338343330616536633435653536343636646665386561653464
33383030623034383738306561616366663833376335343433306331616362323732313432626638
66343364643034306164623831306531643866336235383630383230396431636232303961396432
38393938386132346137626134383735636633313862383462636562643332336535613935353962
63326134376430643338623332626239336561363233643962623862646161356130643434303132
65386561393933656661613166643033623563383762363664653638623261303961366561383066
30626432633837666338383063623237363863306565653266663866363637393934336136643662
62326134333238316633
