$ANSIBLE_VAULT;1.1;AES256
36313932656463386466346161326632383031356661373836336237363963646133333363663661
3131343166353537616562646631323966303033383866300a336261626237393233333930373232
30383164343138353232633365646563623965633836353766323739363835656231343964653336
3530373635343661310a376565386537353665343930646563623538623961326134643631636137
35346433323866386336643634363063376234643839313839396635646432313937626437393761
30653939346134366461316130643861333735323165663166363931333865326534313161343031
33346532626633613837346265373833653032313430663763333233363532326563356639336531
31306239363663656131313334393631666537303536363730313830396636396237663864623936
64633430623034666537633433346534373966653437636639313365393263643839396630616266
39653361656161326166626639636266343032376661373430666366376439386361373834393130
36313132363366373333306637663261356434393133346637373236383765313063613263663365
38346263396562333434346632353865336131343238376661363463613731336262336539643435
34666566313262366233656561613666633437636130376264333636623231653166353661623631
35643131333565663634653962386665303632333437363230656332313134386361383737353361
63306564386537383830346666626165616336346536363266353565313165363165353664333131
31353437626465373533323361316539653337613033396436346432356366303066353430633565
34316233353230373363663735376231303037626663663061623636376232666539656461333038
66383437306164323865393633323538333135306366633633343335376334336262343464303564
37643064363735343138633938303834633535633366346431653265323535383939656566613337
35373137323338616463336132313161333361363337313130376664346266663939373534323062
31626139356138373766376430313134656430366431336238636333623966396237643666323566
64316232623066323965633933396632623532306334623534326563386539333037636330656266
61356263393132376362323363633061386539393839636334663666353731336238343563613065
66363361313834313230633134306630613862633931373031636462333839396137356131326165
32393334373834666361626361393762656130393733336632326162613436393637353131306131
63346661376531353737626337623232633463363934623931643264613531656531643133663763
36643563393266383833353064663161626630656162636162663435373535623466343134346533
38643061626430383464396237616462336535643863353465393336623336626131366532666435
30666235623039303534306238666333663437346239303431366362623566356634346362383263
35356130303531343464653531663032383730373239393564653564383961626536666537343237
64383165386638666435616531356639303963343666306236666232326166623330343066336262
66653666366436613835303165643063626637373564396432613337333738646637663232313263
66343436316264353961666661373833393761303235376630636531383065336533656335663963
64316665386234653861633234306166636334373032633064353765363265393366373838303430
33643836393863386430396365396232643638613032393438643633613561376131343563383438
37333765356563333463383339303831383864363733646566386138626336373639333766303965
62613861613463336361633161393136616635633662383039353132366133636564383534346266
61616163393764383939316163333365633230313663663839356166313836666663316132396431
34346161333238393637393233363561643035353837323538636535663331363130316262383137
66613038636534646436396265353235366635666136373137346137613534306434376638653564
30636335626233313863306162626464626434613032333264663663663530333465643237396234
65396263356134616366636363366566383837383133333039373434393739386236343435636331
30643862356239353265356536303034366232383065373431663166373930383461306332626438
31363232393531623263346564306266366564656162336236616465363562666135356332306334
37643536363037636235303761383164636439336666656163633365336164623138666664323438
66343333613435633831636261616662323965343830393166363161366232313033303330383531
38316531633934383936393031616361313166363339343662336630633062303938326431656262
62363635346332393162643536393138383765396166373235333064303837383164363966383238
65343234333838303035353735633131313935313637323732303634336562633838333434663130
36383531356134616261656232636130343637343136393232343964346634316161373031353230
37633763623137646264663737616130333638653131656633313766383037616238383435356332
37333036393862616139336165386434663166366530353433383830376136363936646337663036
63613039666661613261386532343738663961663238663033333338663232613830313263626263
63626639353937633161373363393534383430333538636530323235613564616362613331356539
38346135656236383132326136393164643534386231626132396139363861396638373035323838
65316364396438316162653566323038343539376132313730393332323434303535363661383866
31316164646238663538633231643565393831353536383362353030663530393630306265623737
35633966353835363735363038346137616234663532323932303336353639623739356530366439
37633732303663616535643338343466323233323736333030313466366338663431636462616532
62313530623635653837356561643634363565353034633237373032306334633664383132623031
61366264366562643036373837333762343066623232656462356136656536343436623137343431
37303030633932323437303261376131633034636538623533303964653661356432663239633730
31613637353836666635336666363937376163626537373436643733636237633134353766383165
64646131323238663330613833656236373833333331386236343331643463656465313939643531
64613463343962636265363534613331366435613036643931616539663331646234316435336432
65356535303666613936316630396533363631376436663533383165363433346136353432393933
63346564343866313863366364613961663531643966343265353039613436343032313563346636
37313565313765353138346632386438646134323566643530356261666636346238386532623666
65313631643735356234363430396166313665616363303531323764343034316436366136366435
37373031393733626162303561383363393932636130636533383364363332353630633739386161
65376138666161396631653763356539356438303363333637616337313364623736343739333037
37346232373434643130333639303966383134396235386539343563666262313331316163653031
62343335323931393565363534346138663037373531353439333532386130306533323536323133
38653433656238383532663930653636333434666231623239643539353461373261626461616161
66653162623039383034656236386366613636303739336439613035373531616537303964343430
62383064666661303431623664323335636139373732666437313636633431643933653366623737
33613536323232636234323231393163303666336165666236316233323664313666613334343362
35373666636438663364386434366532636338303333383461373862663765366361366131663538
32636235376638663936313730396230633730666137333435623639336339393632616261393361
31386664623366313732373132306161643334383830363566316137323530383139366231386430
33653665383262633862363734363466623462346139366364356565326361386430653735313438
61396232336234613636333364386639636135303537376133656565653839396266636539633462
37663937656131313464663432323435323261373534663761616662636634326236396330363033
63663931376239386665616665326262303531616162386164306464306139656364626432303765
64666434633638346433646364396565326532353936356631656135333661323863353037343834
35393866653663306564343366376364393366366662373763363539343535323736653636643261
35373034663938666137653565666332333034643965386662306532653964373864313564653462
65393564656331663033613231626134366561353937333237643537383030663034336264326138
30663966353666666563663732303562366530666339313234356235336535633939636335313333
35393664333866313266393061333262633936343565353839623166323263636466323632373661
31326436636430353536633261393534373164653539353530386434363834336366386166313031
38363731623634326363313064343464353063663366303062373763313261653539643266323530
31663436323334396263633839383633623061376339653138663234613266316463373831633334
64323862636661613865393364393035633338316465643737353437346563623264363332366630
30643532366135326161636330373062323831643437326337363262353263383263333266386339
35366339366265363032383739386365336432326234323761313633643336353435326536613232
61613239613665336262663562636430393761333765373966356631316132333666383635313064
35353137383631643265326336643432643465646162396237636436643234313235623865353234
31396635623535366631613935383839663739366534373736393262656562386633333464383664
31313562353264626366613338623933383130636339326163663434663838613735336132396661
64396538316137613862343435393939326637336563333838373165356637633862323330393062
39316234383632353166313936366133376461633536666331366338623333396538633539356636
31363336316438353931373130396364343838363337343136366632303663616165393663626636
39306165336561633733313537353166623431343631666634383131303862643963316564613036
34613862323931343730333433633632353961353562366633623765313530326232343432663963
31653036656666616131343032313465353035356339663736613434353039313334613936323238
31336461383430633362353962386265353934326539636335326536616261616466663833353939
65613664323461333935366162316437323062353563663931363233663064623136393437663765
63643133636637656362396633663639656661633137303239353133323666336262626430393236
38623231646133326662363862396561393135353032623834393163623935316531313538353731
33383162303961643261663735333136616361613035343335353230346639353861613337353931
65666538323831343932303634313062646666666131663466353134383866363930363063333238
31363431393864643362663865666561643461306262303664623863303738383739316266303766
64303433656333386561313164353463643233303164373531366330376465393034393531373564
65373963356332623735303239316564356466323735636264326430343430623436653561373865
38343963396466373134653934633263373463393763313162623930613465323162613063643936
65656134643032623134636263396637363437363536303865336531623065353430373862656466
38646336656263343561383937393839393864636236633564396161653033666230376338396565
38636233366138643330306465373962393463366530366233643430363035333931373531313839
38353236626666383737646565663663313263613239363830636261353939663637653631336139
32306136333165653835643331306464316639356536323331643633333038623637623735636531
37393838623266303032643138363637383536616661393935633763653532653638383038343237
61623465386239323732636239646261373264373132353634333437633135353961366235656635
64356532353262303761383637636337323331316630636331616533663838643064633936613265
61353935653065666463646466633033336631383737363136363239666330333931663866326136
62646161663665343939353933303930613832623463373937633337333536326437366531376336
34663538633035333932393262656531356638633734663764656431346436383236616631353233
64303536376633633634323234346539356162323466306262393832316562326437393865313931
64343138386335366636306265306131393136353265616465363064653065613861646138613566
63653266343264643231356335303033316633626365363664393630323565623230663833313565
65393361393438393462313463366631383230633133636161333936386264353735623766663735
38303138383632653835353233343632313834613732343936643739623134316338343538336332
65343066643064653639316537313736626330623161353730626136383438646434376133336437
39643061346434626363396230636431326261643239363139353635663936636131333239383938
31613437623131353436366536643130663264313735643964323739613162313432363338363561
61663435613361343232323136373434623965373564663265653834343762373564613038346363
33353961343766633739376233343861663565636437653535613031383232313064363066613436
66653032396266633965656663666633326536313861633032653731613864313036613133326430
61393662353266363264653535623564373935653939666534366639643136383630376464393239
64393039306130616136333130646136313465393964386234326232383739373231396634343731
35373965616361313235366163653965393164303437396663383963633434633831343232373939
30363037396364303039643631663762343936323231346531373138306333623765343136343031
66663239346532336636343037613735616131376537373333343236313836376136336566393361
62393464316531333935653962636266623738626461613461613066656239613361613166323664
30636538373937323964633838666665663833333565393637613361366636316433343636613334
37663931343535373561333030343239373739336236353434633039626436623232343337653238
37623364323833336163653739623334663666323030336664353530346334623335363364343763
64636134653535356336373264373336323164656132333238613433366436383530336436306465
30313364373761323034333765306563623864616161653032653737613631303532383338356666
34626236383239656366303539323537633139346563616161616662303334343763303336626562
64623863313431646536333638373237333466313432323862373932616536353066303338666662
30383965393863363334633931396263343264333633396266363562666530363531623363353263
38653165326130306466303664343231316637373863646236353664363635336538303936646234
62313036336365323637353338636331323739316430373464323333386466356235333730316262
65336530336335626135343134623630623234393464666536323566306237356661633331666436
66363937376336376662666331396335663861366535303035666162363030316130653136366561
31393665626435666637326464303530636433313436306561383231613665663066623232626233
39313365623762323363376364643833366561653462316630306337313730623533366365323537
66323163383837626330323563643366653931363730613464643364316533613263393432666561
30346366353439373633343737343331633830623737623436323864396466353162323334303235
61353933383439643636383163346333643339653436316563623634303838346632313432333939
66666430323864326262363734376239623435613333623365356432393136326361643265623738
31616132343037386536623037386439323835323136313861633165373630633063633762363863
61353734383366373566363030316437366639336266626133336430613564376261323664656166
63666431636566653538343733353634623263636562383634663439396339626166623130623032
32623733653431643566373064386635626431396662306632376631333632653764396434356663
31636131646461336535666566323436633866373136353132363437363334306561656663333739
63316362663763363739656464353037373631623166666338333661616164363262373466353736
36616439646136353237663061633864386264313230613731646561613662356232386630396339
30616335393433363132666539316530326330346333343330323337343430333261343330633731
64333839643138386166323736323161623639653635386430613734306162363563323631373233
33323866643861396337653561656362393436376165626464396234316638663035326132393032
39613539333139353862623336633631316266323735653964393639323261613034633233306439
63306632346162303766643733656434643031633262643231633831626236386338653135333939
39353361376166643763353937386161373363356436376432636131643236373634626663383631
63633461333632663763663732376133396535303531333862336664396564363538363735363036
66363231643535313237373563323732336633633863353338373362633939633036333038313332
32353665323239303639336232323137626138653433393366633866343736373865303939663532
39376337666162663538383334646362386137393532376361393338633431633966393731323939
31646465333132616363643433336637376565663264393665653363383731343734666438376335
38636136643535316332326262663537626461616364323438323038316235356438333336303932
31393138326135623966343032393830313063383033653362656432613434376466383639666563
61353630616133353938366661303138313263343139633837323832373261636633626231623062
31323338623061626366366465343432373139356533643061613466643962613561663639326162
63383932643866613939323633323461376330353665396565313433363537373335393963633465
34393661363037353361333664666263346661313132646362636266313064663566373136336362
66396431663636303563383338346264303830333663636339363132393330326532616431353331
62633664363736363061336337646233613862653830393539623238623061373032386461353832
62653063396635613035316439666636306335333439373962396433396634373532343766626439
63623838326162343364663561653437336664393939396663373964326634626265613539643531
65333936633633326632336365326139386131363063333336636561343961383939623861633239
62386134396232366431663561663665386562386438663733633431646363313834323763646334
37303336373765396237646665386436633330316161353637306234303938396166666235626665
36353830303333396533313130303733613536616164373330393738383732653261383565366436
63333962326566633535336466653536313836633431633539313633306165613163313338656164
34313635316665336430653664646166646564353037353132333738333365636265613231366465
64316232336636656364623934346238393035666663346431386133356138323532333363633535
63376564666666366238393663376634643561626636336266383230343165373831356234343134
64343231383930373636356262333732613834306335326530373361613765393236393561366561
35323834313163336664386264643566376432316230393265366232666535653630666236373734
65343663333338643863646536376137373338386630643137353361623333616431316630353538
31386135653530663836666365663065326430373064373932353861616539396538343265313230
35616566306539623431393835663962336233363831646434376632323735613835393466303939
37653738373332666137383162326164373063386330326137623337316463663830346536306634
30336430396566663133623664326536383036316665323036383337633731636361356133306135
33393662383930333831323062376235326365623764333531333961613235613331383366316236
61316263303732396661363862336262383932363762353463396238343736353532353238666134
34356632663635313935346164333733396462633131353961303630323132303136633334363835
37626432626461313636643862626566353162666439346361376430326465613232346164326463
31336530633366346634373634313861353863346338323432636434666337636464313566363161
64346335636635353262383333376464646632623866396364376335356632613631376664323062
63333035663966316366356265363237636235303736356238646632396138333865633733613336
32323234643462333136333237636233616231343164303631613638383336383564306666366466
34353862656164396336636634373033386537623037303161626439656234636538626533313338
61303663313261613530643634363462306261646665383635616264646334303739633934313233
39393033643939313561336133386530336230393561366236376636363862656462383764323430
38643662656163663165303434396337303832306331633665303233373738396563303430616638
33336161646539393062393330316265666364353732643362656234653565336332363033333932
62383239376133666632323333643738386561623130336237323336613633653332373062663030
39643337303164333034616437383565616632666338383636313039393132373763626165356435
64386363663433656238646365343139656332393436373563666439633333343536653166343231
33636666623431613430653933313233393961393331313936333430313264613765656138363232
33393037343634363066613537396239636531333337386230333735666138643461623438616139
62346438373762616665356465646364336362383339636136366431383834366537616131336237
64393235636531613137363034313539656230396433323338663234366433363034333031616261
38326231326531306437363263633137383639383035323230316639316435303938646362626363
65376338346261326462616462363439623536313634326461333337333631346434353634623966
37616336663231373763643162626339363137396439646666396238306535343634653034633632
34343930376363363765643035363738346163633531626163376565613961656261333634343762
32336431313332636161323739326134303965313331313533666361383031646462353131386464
38666237653337303037663766363966613437396665616532343032646336656565383931386535
61636461616363336663336439333266333738373932383063386234376635363264373836643633
36663736663432616665353064363536333866343862376533656663306636646465623530666463
65373766636434343930666537366239633437626264636461313465323132373364343931353435
65306462373133333563666532373235623639363235646338393637333139623738306363633732
32376461326331333561313561326232646465366261623466333731366238646138323734393166
63626333633961643166616263353665333931333764633363396364343131623465313535653666
63616636653963313238633237373635626138346635383831373065366162323936326163386437
63313831396366653765663939343339366432343564656236363237643665323939633434653265
62326530326130383166326161383835346462653665303563613537663464636437303665313830
65626434656539653636396665383037623634643466343239303633373131396466663130646363
36386665393761396334313235393736366530323235346230616235393933356139656639303438
30363862343438623635353862316562346431653166383362303536636362343735643331666366
36623062353139653933653333653431653734626334643365316231366536653461303930376662
36666166633166323763313738323065636462303966343164633938336331643665643234353333
61313661636137343063393936653731373364643661336563323636313437653265633563313234
37616536326333376136646533373964383939333634666337623333626165316430616565346130
37663266396636613465383930333134356165303562633362393136643835653966643633356631
33613032386261626236313766653833633861333161396534373833623466633038393838653537
66313332633735656433623165346133386435613934316264366137383236303962343738633533
33366336316439353131303334396538353330383765396234343630353336666231333966396364
62363464353038343532626335323730303439663338343965313264633365373631613331353733
63653338323230346633306161393534613464356235333463326137326533343464663264643337
30656664353737356265663731616539316461646130333461383066633137303036303439316534
34636639373266633935663939356539383335653731653561346635613466663765383461613534
62323731356538646337366632623838356339326165346362633032373563633537346465393764
30313537626138363334326330393930313136346264656332373436376634383932343030303837
34363832636335303666326561663963316533653463656439346537316262393430353933306632
32343630623266376366313432613966636564393165646130613830643466363837646163383538
35613662626332326632356431316139653536616139323239323661636237633137313734616234
33316335393538663739643030343038643266653530633634343132333534633263666364636264
65393130656633636361386132646430353330636666306536393133383663643532333931373135
61643639326234616437363331383933303535663632636131636461643534663937633164626331
66643034303263313664396633316436376163343262343535303063303635303633333132613061
61656633333565373638653061393539633165383936663635323637316235643130313835316566
61626365646166646465353963373565356130346236343461303131313161326337663630386535
64376235376236646566306433653163346133373237313636366464646531373366336438373330
65623639386336636266663339323762653638313034333661366530663139393934306335383438
36323636623939373433396465353230353533636161383161353836356664386266643535663034
36346539356261316562396435623662303339633332343938303736333931333934343837346164
66343764613962383437303237623433353734653963313631643431333463656430623032326135
66633364643361386566353332333031386261326539363765633166346265613766326139373562
64383836663362323466646632366537396562643863303232646163383335623761343532626266
34643731313939626636306164333536633564396536616462326433633438616162303736336536
65616138303232323531303334376265633139326437383038656361356264386638613333646164
35643538386466643939626530383734376139383935623730636138343139366533663032303534
35636138643630393531396137343262306265633638303530616262323732306532333965316263
63393830373235383534303130366633633834336231386637373337653563626438383232373632
64326135326532373138366530643264663732653837353839386338393237393461613265333131
37366162373962396137303861333565333231373262303132616635636332633233393738656431
36373730353234663366623330353633356232366537303264333861633837656332373261643837
30323762393962623536343934333263373263313131643166636130373031383963396137623031
66343232333239306630356562303131623263326639393532623337323530316330633936363762
33663837623765346637316334656630366531613163643565626362383633303862316130396161
35656466363032363337666263353630326632643739333030393433353337383837323661653735
62343338326664326166626237656133313265386431636436656165656435323035646534646533
636333646132643165356539613535623835
