$ANSIBLE_VAULT;1.1;AES256
63373437333338396434356638653932383237633333376231326339313931613361313135386233
3165626436353031346364383333303236633164376361380a663730306364643730333766313339
62353338313165663166386463333735666136373730353663373631643539643663326433623364
3863333839383833310a396436323836333633383061663863393434616263313064356662643838
35323234666534383039386566313966613430663035336234326161333039616238613937303633
32383836396561376436336437643765346631633261383832346334313061613366653366333564
37356265633036323735386166656562303034316637613332636464626233623934353736646637
38366136303334643736306239646464363935613464313031386663636463356634386235386134
38633839616635653336363237643566353937646263646630396635366135373434383334363333
61656263643733343630626432363536323763313130653236306634633365613239623731336263
36623039623638616132333634643032363532653032643934316334626266373234323336396436
32323633666563373465323236643932303435303834343965623031636365633532373930643566
39663531323638643561626434366163313061303866656435333566333436653632336433303630
61343664663033393166323334643266636662326439633264353136313739396130613438386336
61353364353962636435613563323233356630633462303636306263333161633062343534623865
36396362323563356336653462323232373935663662333563316437303033613838306633386637
64336331373162383166393761383236356131326366306635303535363431373234383735323334
64336230306236336139616434666261633330666133653034383063363331613036643232643234
63343466353265323734376530343532323639316134393536393664636664396338303966656331
63363361626465663463623861323562303831333337616563653665643337393636636261356630
31303038326535633734396165653032316666646231336162633730653162663734343730663036
62396266343231346639303363303435326366323766303339303738656134623739356536356338
66383938393263316237353564656431666266386538376639303237333863616338366330646263
31346337316466323832386364303965353361383737633931393661633262653538336338666236
64353131303664326635323633666163626532613365653535353262623137396535656533613462
63633163613131393732383065363862343436623231383235623936663263323435373361323861
32633139326337613435353265346533323466623063653537396164343637363337666463613064
64323632646462646231363836613538313566393131633133656538363664653537643030386136
32353330343133663862386264636637633433343562346263666431333930616632653365366238
64376363396261383638353933323764393432353338356364663162313134393966656166366338
31666432326333623862656566636263663163396265636164333936383830396535326634353734
39353062663634313233396563663961326439623035646464373138643531336637363464343137
36353439646663666465646661333536326334316263653261336532306134636363353462373738
30633331633438346436303863646265353636316532336264653430376134633136663330383536
64646130663466396330653762613565356431373861333665343761633830653539613832653036
30373035376263343031623333636338363166393732643334313131653864323834306532613734
66306532656664616139626530323666633231363934663133363733386233643133646534393230
32366438363439323837333234653464353336356264663030343835316637623062613938383832
37663638646163353938623466396465383437386433363763646135663662306561326662373761
32373561366631326362343733316535393364663061313865393761303965323763663430643433
36656338643335373935636438613063303464643763356165363336633366363362343862316530
63336238303562626430636237613633633833356433623931343364306435626139366463636365
61663330663535313065656533326335623834626630366162663132363933336336393464383030
39633265643036373164303236303161616236393164366432656232636263396334623437333938
37666630313736626131373136646138633564323234633061313736376637393830633463653831
62313032633937613330383938333838643264643733383763333861633433326233653037643961
35633535633563646332376666656662323036326537313361626131653633353163313636343239
37386236343234663535616430303336613065633632353166353362626338303663316536663263
39663862353361393564646134376462343830616364386439366536306131623663643065666161
31666463643535373431373764383865666636306361383730626533363437626366653464393966
31666234326239633237323131313734373461623466353662653465653933373730393966363462
33316230313366633364353164646630636263303632323564663034646136363766643639383137
37653166613466663334656339646638623539366133646638636630343138653735343337306138
61363139383035316239303862613433643065316665336137316431393432326562343336336133
38343037623433333363316238383666333737626562626331616539656136336535326661386632
33666130393362623732356332623064643264323331626337343639313934363131386364616365
37383033663761323838663635373133343734333966613730663161633438313063643465333030
32373634386566373261313866333563313665373364633530663464333834333366666235626334
64643262366639303337666262633062353565613937646466396638353133326663363233653736
38363439613361613432636337366161323637643133646166663762633637353231623030633039
35393039326539623739373765613435313533383833633335353436616536653963663236386266
37343736653838626232323139653831346437656133386430333236666536313734643736613635
35386162663232646663306131353163366532656135386530393430366166323637363366356632
34346437633135306630633230626665313831666263633362636533353662373434363236383030
38383536623431653630376138343830333061343566386436623231393764333461623434363466
62373536666637663938633061393865646536323261653064386138656163636130333131353535
34396465386337333761626461306435646266653463306139356661363133353335383261643465
65623532636162613462393564336332333164653563383563613563663161663239306565613835
36626637396463623134636434316662313436343635393362653466313634346138643062653136
37343030396561636566633233376537313863323762346461653433633136636432303561383263
65623034663261316136663762623936343735333664346632356139306433646637363839613333
65613030666637326430366264636661336634333164383335373461643534653333626264633632
66383434623165616332336232363061393632633131313932303630343732633264336165333933
35353130643566333034346230623939386338613538306265646532323938383462643433333138
36333432326264643039373031623037613932323639333537653431663336386231313335343261
39656338393639323431646432663138326432613633343330623034653965393462616430383432
37313830356435343134313866643034343434353535343539373235343433353435343862353136
65393630313364646231326236646337613632643239363961373166636563663839363630616139
65653965366635636132613833663766363165636163383033613135633366383639663936663836
33623564303536383738316461343531653964643235336264393836626564313761613034366639
63353161376433353364653062316365666630623165663663636633383935663039656136623761
36666434303731313765333432353065353064363961613931326537386665353065663933616462
33323765646137653165393138653865626464323465383532306132646232306565663865653865
61336561666537326332343961383064653139386434336431656639633431646335393935636564
36306662333865353935656662643930366339386137666632356366656131353532353564653764
32646165336236333566633632666532303733636631336239633038396161306366306239666364
36363734626237353134383630663661343233383235336134656133303461623636356639396563
30373633666534393535336631383237616164353638616234633330643834363461326632656636
35616338616637353963333031666631653566326563613661326635623235393731363634333933
62633463626234303432363835396464663162343032643134303037386565393835333962666463
31326665663230623664383563353764666663383535653231613865336539373937303566386634
34656566353132306662653861336461303337323134303532666530303065353265666166343631
30376262616130373964313830633466383136666333376562353432343066343539633638316163
66316632353164313033663632336336623730643435313836303635393739373836653832323730
65363033666434386337336366613565663333303763393638323764316233613766396635633535
39613534626239363163306637643065646438623462396366613930383331353664316665663362
33366161613736643435613734336532363439643362646536646162333261373039383038366565
63613864613362353465643564666533643635626439363032343864326135616131633930613663
64666335303061333634643266643461333164396361386364353865333761393163346234363763
61396562373832386466326537313665373830303532346432313737653562323264656136396537
63616163343865633238656630383234396234626261613739353062656664643463346330356538
63326634613361366161666133613036643164373263326135363061366164323837623534363435
32386464333832333761316136613530373339353032353362633935663633643838636336633836
66393766666633393734626261346434306131623064386661663266363435386565633433326462
64313335623932306565616235613939653861313162386232306137633739383864616139386630
65353334653839346436343737353232336264616239373834396661616637316438393666353731
65643432323233633433353035363934633464653337323365356363616162316330643166396438
63386361383537623564373366646462616165323432656632336637616231303736336239313361
35633263343337333033653639353431323732326464323864643564333133393934626165366337
39663162643937323132613030303030303634353666653262626463343661616138666338653666
64653066373864633338383934363030333734653435313061316366376365353866303132356236
66336239343138623436373163356364613033356265613739373737373736313235343535643839
36366633343238636439356363363533386662333135313230326661326665653366346430646539
62386536313433343561393864323065666133333734633132376135373232306564626436643035
65353936623764336365373764313133656437376432313965313437313331626435393937333861
36626632636434623338323231646633303163623439373630333161643363363763393866646661
37353534393133376533333237363731346337326466306165656334383262333166373133653436
38623765663665633564383833333836346566393565633736353734363336386139333163626538
64633164346466383332323166376132616534346231653738663464383332313262323666386330
37376430316264373537663934663963646337316438343038366435346161363739663033363134
66343739633735363861396165323362333236616563613362333036393436373537366532306138
63353636333632613733303830393230376331613462623835333739643064323964623964643133
32393939663738346137323463353263643337383564373464303932363366646539663534343331
65623837353762353266376233613738653439383737316162316431383464666637326366626561
32623231343134326666613362623162336663303339653661323633386638383936386562663236
66666539616333633361333133666230623531396436316563393438303139336434376235306333
32616262323935656431333462366531356332326137333238646634656561393466366162316234
62366535326531356433346333393431323062383864363461333036613438373134656164626131
37363965326134363664393365653262373363666239306238336333363862643839666535653339
63393039613733663733366130646634613762346230383066633065616135343339363230373133
64363638343939383139356263396535386563353434316362316661363432616339633436386236
61353735366465343135323164616336383837343164663531643230656566666362386137306133
64626666386464313839316235356131376562653139303264356236323033353836373265343263
65366566663437383131303237616162616633333063336336343339356564373765353331613331
62343736643332626461636434656634653465376238376661626234373731636566663838663236
38636264386264336637646336376666343163376666373937323039626137313239373235303362
39646635333565633337316466343961326436666535316236653963613564613965346161623039
66623631663662613436313034313137616635303235643837356236326164326136316465396261
63653266663336313636353338633665623339343537386233633064343865386364396165303130
62636362393339663364653535383434396531326461386465373833343662653762373062336663
61613565303864656338356632346536626537383661666636653234323137346634383239333236
32666233393534343966666138633736656563363137383132366132353031616266633436646365
66613838336636343962313238343636656235366631366366326538623330356530626135643363
36643237343337356666626633316139666563346165333938333337353535363833353932636130
35313736313133653065373035643630303636383033666235343666326664363939646163333931
37636637663938643636626632636561636466656239653535616137646232383334623462636538
63386461303930373034353461656237626131643564373038346632396338613161396539323738
66333163663264336538633832373762386133376363643065623635313065393532373439643632
30383336373761303331316332333939356530323661663032663163356433383133663163643938
64663765316461313938363239633965343662393433356132633136343730353935643564393961
63323038326234336164653362663966663137326366353461643133373763613033616533643135
38303366366532306434383862636666353039393464393537333432323234383437646361663236
31663261636363616536323033356333393233333433633035663066386631663439373637636365
33633132373033303038653539376538663332356236643631366166636634663466323830343065
33383930336232346162613931366531393862366565303161623734636166666162333338386430
64313931396634643337353365633439346637383764323436323161623434613165626462306339
30306566393232633062313666303835633665346466393230383361353735633461636564383731
31363065633637626335346431323335613865346635333134636362323861363131643130636136
64383935376138326236633438653434356264376634613832616432386231333965346136666632
62663766346231396530663135343134333635396139323032306334373634346435393732373538
62363461393032353462356531316330613234306630303135353035666661303836613336316233
30643165646335373533626239336661653761633066646361376463656533366363653761393064
36303634363834636335643766333134326630353537376330386662373934623131626533386266
66386134323631326662303264653135656539366635343434633633353865353936663938316562
36373039653565623438363834346138376338636361613936353133653164353439636565356563
32373165373630353936663233343835613335326438373233623662343233383834393737623832
31623433306362336361393962653363363661323534626261656238313463613530313733646638
64326339623238303930386665386339393634663462346239333338306363653639643762643761
64313733386262316333373963346365376465313931343566613462303563363832306563616137
63303931663732656232636433646132363861393037396231396235313261666161366334306661
31353539323634636536393037386538383933306638376333613461316233616333336265616631
33323638633435623462383065633435393336356130333064666662383432316461376361396439
36623038653630353833616134393662373237393331303065386335663034623964376231363235
35386631373835333766653164336637663535663431343665326664313538633463346662316161
31353862383332616266393134383130393064386433633163656234656139306661373137386431
33346236383735333966336263353763343232333865303432373733326363336134343432323766
38663633363933336531626163303639383361633833376433333665373932313532326437376263
66356237643731393063313130336664343236343365306132303835383330353732646163313239
34323665326665653336316564643263383330626139646262613863653462363837376438323862
63316664323331306165616434656332373632633939356338643664356661356230646266643730
33303861393862663831636464626231633034323866376135366231626563653461633562326566
64363062376634316331373361373161303530663832333465306637663661333162633137393533
64643761633766383733363536353530343361323065386436383131393433643832316461383530
64656238366139653261656265633163656134663535316364623734613234313062626566336363
65656632636530393235336630363561326365626662353064323333653830373236666463383231
33383434326535386235363931343633346430396137643833346439316435333237313365616138
36316637313762666263333765323335333066316535653633393930633463323730376562323435
64613765616431353339363961376531383565396461343461356263623634383530663431356533
30336665366266316366653262313738383036656138343165396266643463333761333533353232
65383865393933643334303137616266346666383163363537363230383936613833323038626461
63346430366137303062343733326232376165353830383939373538363065613064353866373637
37346265303237393133356366323231613163306439653332346464363832386430643762636662
30373664393835363433393238633832666233343031346532363231393061306536373638366262
35643632323639313830633865343435646562353934653334313932636663643561613162333538
63633966646132313965653866303233623630373131333866653837633432646364633337343736
65633266356364663039376661623433643134653665373934383831666634663239363666643936
36316339333137376261333934373665303234396663363736336265313931343065616634383663
36323130383737613565346362353935316439353333626366643562326234333531666437646332
64316331333161646134386638346539613937653536313032353637636233623762383361393162
36636633623264373632663337656266346536633237373631356564323330383138373338353335
34616462363631313466323739656632633031383731373039313639626337313463356661653834
61303764333431393361376437313837376133623435336232616461333664636135613361323563
66613566626638633833346334656230636530376430646263613563643830313130373062346265
63306431396238373036326535373935343565376537616336376464653936373061613364613535
31373231643333366335393762363062663565633533343961373535616235633961633738303237
30393066656138363839646465343662313731396234353136363030323939393164346534306166
37353132323432343762383564656633373665633866666431396436393766303830636136386636
33356431353037613361613638636630643336393439613665656337326132353130653139383637
61616433663839356530666230323133613530303264373332323665653864326338623331333431
35313837646164613433623364323831363262316338616239353161623030643735663832626363
38363862666665316331303634656631663563356130333961663564646338333236343862613039
35323736356561343064396531373664636337656332613661653538306534346435333539386564
33616631333834653861656162323632633330633265616334303731373062396438363535636662
66653835356231613836663762653066653431643533316539646230323938663465343663613965
62633561396166636537373263613030616263396635316535363339653633656137336230613764
31316132373432343332313932616333666561656331656138666137663636373465336137653633
33623136333432323531626464633436346433616466653137323535383836643534656235313930
33373063306639663533313762376364353234393033333637613966346464343336623033363934
37336265386334383731383336333563316163383661643435623436646438626566383236633933
63313831656162323739383738646566656666613335303361363732663534666461303963333630
62306466626436393233633737333730303234306162636537626338623064346263656332333338
64616531346432303964346331646636353264373761373664656231316166646535306139626231
39643166393538656239343835343539616235393361323933366361373038353765396534313538
66356636366138633264366337353163623433333330386164343637363466393637653938393362
61393433356631343364383433343061666133623863666639393437376330306330333236323764
61633333383831353735643638393533643664656139633166323437303330623530366131623235
38633362656235386133386438666462363466356632303939643631633938383263646630303266
31336464343132626637633666633437623834313535376537303364316236613331656238616630
34643539363639666131336661353338386134366531353361353665353931343462393736343638
36306666366236643338316236393861313062303335656633643632663162386535626434653930
66666661303630353066376435363737353537613138313638333262353331633262353032373561
65383164633734323538336535393665353635643536653836323831653335663564663331633830
62636637653539356233643939613065656235313631646635376165386530373737306563633566
65366131353961646164366632353266353931323335646539396636363236363635386230396662
31636530393264336635303466343437303434336661613764323538623464636136353462336335
32373034636430376230376236356539386365303134623164336562353838396134633062643933
37336236343863343333613534343332303361623531333662636565333034343732383633643666
62303664353032343032366636373330353063636663626533656562343431333535346664353434
65666131303661636239343165623532626463393930666239313761626535343634346264623133
64343232613631633061373366313531366134386432393237613463303337643035353739306434
31666331396330393563656566353232353434623130646436386535366562396638303830363238
64353736643836376334313138343231393335313031343535373439666431353630656535656236
31343836383736303538373534653364616362333963623533383433663262346336306564396664
35396232366564333637313361396333343062303931646263353665623638623139393732653539
38646363353464336461636138333931626530386461383833393565366263643238653865326336
36326231393462636331636361636531326538663037323433303761323636333433623164383639
39353034353334313432396331376361386338623738393166653564326636353462656666383438
62643234616466383431623733646162303738343033363363653033363936343364646432306264
63346336396437373336306230313830663934383633646535626436393465613334626437663265
35666665373963313765663237316432643865316638616339333263366563376266353262646661
63386666373038643733353633656336333339323466386261396363383763316238643864353832
35363763666239363165373732643164383032343061343561373937383966326632333037633732
64663034373331313239326330326337656230306437656166613038373566396333623534626230
63646337643732633761343032303934356433386265373136633339343339326138316463663633
33333837386133393662316331343835666231303135396239653532356639663865653434633662
65613763386465313061656637363731643630396238333134613236656565393566363462323761
31323634366664653039633735623665666335613636356632333565396138306466306237623831
33356337646237336332656238616165343039396663396532383235663063356532333565323538
66343563306366383662636363363233386235363232643763303461383863663938386362643564
31373261313832646162303035353534306434616636666264646362386561663363666433376265
33623865376238613463623631336231643564613539643330646135333737353035386361346133
34343539653935623136336233663538653033333265623861396338356239646165383730666639
61346564633265643739333466363965613561366532396232313036323965396233336136373136
38653365626562393937396664306630393830393438343965636137326632303463333537336461
3334
