$ANSIBLE_VAULT;1.1;AES256
61376530303261336263646561383337336235656234396666653666323765363062333365386633
3765303639366634353862363664363130633963323361630a653734663732303736373232376538
65626132633330336439383131386537633639313731386439663366353233396530336431383566
3864343832303161350a333461373466373234656339363732616237346362613764323763303530
31313162353037333863633464306564666438636132333266373136333063626233613263316237
31366634353039306638366133303838363061363435383664666661336138653731323036616132
65343238653238636133363661343361623036353636646632623638373435633537636461346139
61336462616633346566316233653334386339643532323861653437343336313336623336633333
33353834653331636265333339313665643937393434393935363262393761393864366434646265
34663633393462376533636237336266323766623235396463343532373338306364356534643734
33383137366432396337643737313763373536356666333365306630363566633132333661613363
34363161373836663238343335663364306564653564633163626234623838316534343635663936
66656234316136323932313334656339373133313333383134653536363861316366303736356265
35353039356639356435363638363635616462383863363533323664643435316663626335623037
37383335633364326430623164613433346262373164356263383735383163623862356332313438
62646164656661333133663438623363653966323334353235626161626631393531343936613631
33323535396630373465623066333665303532363237373536326535353838393833643966393866
36306131323833633039623838643666336162343435653937333061346265373330343938616637
62376461306438323937313733353139326430353738663362636232336630396562343562323135
65656638623837396133326663323333376433303132313763383930303466336566353736366139
32366432623864323265303632666166616231396636343764663533306137336335393466383533
37336134393836333764363864303966353336626330396136636238333138336161653230393435
34653463316438656465316534653030346539306263353364376530393861653536653963613733
33333764356434376535666137323435656362656464333336613736643632376231313438386139
30373830633338636565313834386562393936383062663765653937343832656661386538373533
66396137653739363431393732646437656239363836383863306633633964613266333937623238
34646435353936366436333763303836616233316363626362396465656338663438346238666233
62306366656138613961376635353933636565323238613439616337303561636335393135333435
31373936626638393935303965653664656433373039333734306161386134343634646366363039
39396432356336373535313562373461613764373731363765323034343633623564356338343732
65656235373236346539636432306666663866353362663535323361306438366432313938393661
39666539343061353364353066323663653032383663383635323535373664326239396431316562
39663435643765636638646231636165303233393062626163636437393465316237363263323363
63353637623134323530353365336137643166346265306433346438393730316338633735636433
38626634373738303334306533396337366665316262316661333166616265626433646262613662
66623063366536643138386166353835353933376363633738316237333436346665386335323262
61336134343865396134316563333263396236353730333234663562636535656363643739333166
31373666343163303032313064636365646637343338333366366264303466366465306231303863
66663837386330666464663035373136653836366431316532383064303966303938343439633434
38303834613835386461626638303034623933386637363164313934383735353265306531336564
62326661623731313032353764643635653164623663323139343835336434643066646261363934
34393866393130653431626133323064323761346234373833366531343466386662643135373837
66363436636239306661636633643633323461623863376531383562343361353762383337333737
64376233626265666161333634323965383262396130636263376366316337333931353736356437
36353761626665323332386364333335653630313338373837326131636335386138393134336234
35326234663138373763646461343137323631623134396237663766353135666162346535373038
64316562336361613533373239613339626462656665303434383161303030323930366564363062
64666338633463623734613765663336316261343331333163353537373763613238306530623437
62373066323830643230643230363765316335373565353332613462343332646434383461313261
39646235383930653130373263346363366166653234663130306134623563613735356230613731
32663337386365616463323838616633663239613136323463663531616362663034313530383965
38393938323234396664313430643464616533373961656633373833613862346362376165653065
39323435613931343564376534383965336639393463653932313466343965663136363438346462
66343266343137396535633966333431623931383865656339626261313065636262383139303437
64376431616532626138633565363062626164343163643363613036396264393130646630383366
36646239393537623966396333383937616663366139393732356463303566316639316136336161
33346665343638343732386332383466666130303736383733666162316138306436613863346434
61636166326136313930366539393363663363336161323562373433313131353462613432366335
38323534626435316165316333373439353539343164646134383539663436353439363462656132
64633039373065393766636261383938656436356335383366323638626336663435363463396463
34376339666535636563313538346237326139356636303131653864656237393038643361353864
30316234326139636536633137626638613230373032613363353130333435666662383337313933
36363036393964653862393232646234636236316562643966323438306330633338626539306464
35323733323330303339643336373061626233353461306266633561376332326430613133356530
65393330363133633533613335313261313266643866313734303561316234353365336262393066
65343763613036653964323930383337386137323662663361383936346439343832313136623538
66336535626439623035643935316465333638386535396534366538373130613635386131323661
34373963386630306366613962373735313634633465653766383964386333336531663337353663
33636435626461663964626566366664306538626439303937623965636139666534626636326238
64663762303833333766306330633239303036316534333634383933393430383233663736366636
33373032306263653765643630313034356663643834326333666663363666373139653263316465
63393961616132363333303735663762343439386337393765613664653466366539633037363535
32333062633333373164336238316136386134383630303633346339373165616363613736383435
37393161333938613138356137323332353338326130636537313464316562303830666439373932
30343465346539313235623466386235303536323731623035666263336165656136313466393133
36366232333937303939353961326663663932653565623234653437336666633831663063383635
63323331646633376636373930633832393736623736306137323363363831333634333061373336
32633030303238646162643631616231346563663034376431383432666533393761323931633464
30353737663734653930623232366134633863623732323461396165656434636566613733343238
33636263663732626235393764316236613233623664333562316635636231626264396536636534
62383531313436613038343066303963313031663637626534656637363038613765306165373537
38313034393337633739346134386337326463633237623132656366386434623565626336363538
66366539393736353437653738333438376562623934323431313932356437353763336237643438
38363935373631623935303933373336393765633032616339646263336135656536363965356431
32656133643137396462346264663763613962366362643633333661366534626661376533336663
32616533353731646561303131356534363532656132623066356532316334373635366665313537
38623234396635343564316165323565376338366463363039393339353464623836356334316136
32366362386162363232333930616439633735623166646430383335653232363531666431623838
38343632333864353439656565386261313161313535366665643736666430373837363262616661
65313463626135613832346133646238663163313730646362366237666435656434356632653736
38656566306330323434383762393930303864323033633636393466386634663663393937343562
39643163363533376631616134363764326230343838313036666631333537313435613864303332
39383336366135306564313037366361656536353765643866363930363637623739643238383764
37353033386664636537636637306566393437646432326336313539353462363933353230373739
32313631303965646662656264356562306364323065643165346164306535376235343463313533
37343663633731333237656331323566666231383038326234333031343339356537636335353937
39303466363934383434333730376432343366656332623466633838313133336132303238633236
63356465363930343932643931313363353337636632343637323731623732383839373130613539
38643139393963303865326137393564376136616434353032633239633966393830333834373835
32376137366164376263346630646434346135646631613138303333396439376562623835323139
37333838653631633830626233393935393332386635613264346164333131393639306466393732
34633563303534663461376632653136306533303132626166653361333066643636626131643563
38333166386433623562616333353035326463386330393662653463626431323065303633313239
34383334313636303639373334626439353033343731353965636237366437633934353331366533
30393066656631306135323638346331636136366237653434366237636632326431346430646561
63343762393033653036663264663832333161393739616433643536373863623561383363393439
66323964313739376163653263386165303233313861656332613165376630656230313631613564
61653862653935653061666662653130633137396232333932316133663032636366386263613964
61356138363961396432383437666132623232383434343234313763376563306466316333353565
62363864393964653135623230303861363165316661316235326236393133643763356137343162
64636562306535663235633362363630653937313339333130376439643937666437346361633136
39303466343830306434643963636239393831323263376266643363346239383333623535323232
35356331326635316466353938346335366565343963343366656164313939636363346138386432
33343139643437336265363164373061646532626264636561376338313836633831346430396638
63323731353962613266386265383531323166353230386534663439363635643162316136666136
38363432326237353532366535333330313762363533646434663465613130643164383235653734
38326130383631666434323333353161316562616337353563313435363638353534313433343535
66646234393461623539393431363536613861383261663231383962656462656661643861393233
32653363663636666635373534363237376363396632636563316566646638346463626238663761
35393931636336376630623536666165396634393434363761393162643432333265363461316232
35663635376334373435643561336531356465663635323232623533616639343133313936656536
37636537343832346336353265343138343062356264613366393565656564316437303962653230
61653933326332663161656164653063626563326465326165366339383562616139376231353665
32316166323039616634303331643931393961386232343563326436346161323366303137316363
34663734643661333637653639336566646137393737323061316138383433653364656564303631
66386332653664643333366430616531653866333235356333643635666132303536336331646665
31656432356536303639396363363161636631343664663435643637346565373434333633326237
34616430396539303333393737323663343562386334643438363238646230653265323834343639
63613030323339393963613936343433313133653366623433356463333235616566383434613039
34616565623234383965353762383865613936656232313934643739613136636130396165313739
64353833646635303434323134663832393466316263343936636139633662653137353135363265
32373133316638383164633034333961366138643164333433666363316435646531353634343161
33623737616435623237323062616661393536333562623662356537393765326534366461376335
66613336316433393435626332356131316639353738383939383936646566636432643865343939
39303235396366313636323436663335663735333030656336653539356363316330666434326332
34643938323931626237613163653736386532643439646136333837336335306334386634386561
30336437363064653338366334346130373763373964666131343362613565666365613636633364
63373236613761356339643164343665616336643133636561306230373366336537356466376664
35376365333565653762313332613138633035316430323337613436613135643137663866656634
65623162643238613434636462343935376436316563306366316363363034393936326536313264
34663535396561616563343532623433373262346230346532373534303836653261656635633839
33383432303363386234623234323264303965616562666536616131623261646536383531303938
65613937313834623333376665386238613566393432656632656163313566616662643962313832
31353734343938613162623438613265666238333532363066643636626438333333306337356537
35333865373561363764663935393038313563653833396666363534356438373632636538633534
37636463383937616536363761646431363166623733393530303465336361343336626334393836
66353362653963386632316534333766343564346335326332303863333137373337623666356433
66336361323034373330646561333338343863663331396166366539653433626330316666323663
64323538666232343034653965636230353163353238393934313139383433353734386234373938
32303932666661313965343763356234663063656263643135346266353630646437326164636162
61333761666165326530396466316665393433396235636232333336663264333362363563613333
32646263336438363137373261353962666237363564636334626633373538353863633966383562
65636238303330303830643461663335653731323862346130396465646638373431613638343639
63646462326163323937626163393662323961616234653561363233306661643234363832653635
31346538376137653330623764363566653261396438633165363665376462626530303165633662
34356636366530666236656433306462326634623130383837336466333834636661306131333661
66363533353838636438643337373737363362626636393539663634336662336663346339366533
34363662333334366433616635313034623762323932303231313861663766373638333136643439
36383366333963643038373431623536323034396161636463616238643764363039643939343766
37313637666630373239666630376236623130306437373632666432303236653365303838623033
62396164313263333963643238393033333966633631333738623861333430383563323534373061
37346237626262386531646165383161656136613861316164366132303063396165376439643833
61613939613036363136616434393535306339353130393533656466636335663466313164663064
61623065353836336563356634363638613765646664313439386634373261373031323938343839
33646330303565393739663663663363393238616462343362616333366534613238396634363831
32636636346139303963343733623137613164653931336233386136306638393064636530363263
36616566343134643336383363623335393530626662363435656333366633383035396563356239
62333464386535646264323131376131646265366230333165616132656235663337646465623962
63326236643135393738303964366163373239653833633063343664343662616332633238313033
64623630393534363839623133616437633438626437663164353264353936663236623466326664
66663132356437353962383831353664303838616233303635313765386564396135663937306566
32633538613637353339353731396537363862363564353961623631356661656330666166333632
66316138316239653161643039353766333865316161376461663861653739633138373765333063
38333565626133346361303239343834323231663866353430366634333530636663663365663261
38646336656364613764653066303861656135313235356664653035303537643133636233353964
62656231393763633834653030343636646464643433626434313366643865383666363735663638
38326633646330323032666363316332643561373861363333653130616533656532663866633935
61363063326237316165633532366466633333306561323666383761623635623766663635613863
64326435303730346336313061363339653637643738666536643439336166643737343235626530
64353061636635393965383131336639396263333735663464623965346634663131666465623335
36663437313235613336636163346262396231363362373735643334626566353636313163303763
63323439396433386639643165303965636663653735303165663139313631633034333037626433
65386432393039313262306636636431336639653263623861383232323930336163373864633737
39303865656637656562643037386138613438616631333934663232366230646630343765373234
37626434636565366231343835393839356531346238373731363863623765303564386265396332
33303235343364376563343765353635653739353338663937343237366131656233326333313033
61393234326233376637616235643737323361356265333031333063646638346362393130336230
36616639663033653737323763643839376631353037343131346638353439633330393039343664
64653565633330393537343731613638633161363937393665653061393436333461303635633630
61386264663864346165396363613839383034643066363738353939663537313337306365666265
65613262663934636636316161353333393137333766623836373031323961623162316130643939
32366537386333323164656561633062323866383666353763366430623636663933376639393565
37666534373239373839333633633832336138653930333138633361653734363563623064616565
65373234363736353162363836323063326664613365343431373437363032346435626533336366
65386562396266353031646339366462643166313165643962646233663435306230323937306531
38376332396265383430343135643662343037623034643738353162666136363839373233396432
62666438313331306238613937633536356362313263373566353234343634363733656462393366
33656330653739346363316533393161636262373830373338316135303531666162383031373730
31356433653030323332633862336661353061663830393166363866646363626534376264366239
66356133393835396161323639326537353464643935366664383164646539633464663538373762
65313031303630343566343734653139633433316131366361396666623565396337326434636632
31613630633436313664613661343861666130383235623335376661313863313563386334303133
34643965313666303938373261636130323935616666613965346434343338616566623932333866
39383934383764323536326330383636643936343837386537613135376339633966666131626361
31643330363331346466313432666431363638663933333935333963633266396533326163613664
30633866653637356131363933636134613935346364353538663636663763613838316663373365
33366362313535626434396233633737636535663337633834306333666637366633613338393333
34336532316366383230316333633463633633316232326334626335666535316465626532626438
35633439623831666334633563306436363233626234336232666464643761353762626538346236
64383039353565393031343862333837333730396462366537656236346261643735333339613134
32623932316539383431383832626465396465306330303734363038336263323135353539393662
36356337386663396361316333326136333634373032306239353230653463613534313738353838
32656331323837373839323739333064323861393939633661386466346436663165643932393237
64383130326632323630653464353564613263323865653431383063353364383364383163323438
37363865643663346164366238346265336463333635313530623061343136343034396466653263
61623963306130306433333733393066616636316565333237376331626337623263663532643235
32303834373132616562653933633134326430663633643536333262336234653034326236356134
39376433613138636661626666383562353066643063306162343934353332383837366362653632
31626162636431303165636365313730633638383238663462323966656363633438633565626563
35313837643633356662373237633133623138363037623165386465303063393134373238623938
32313634653538626133626536656230376561356136343231323334313838646165303261393537
65386631653432376131393838626464363663363563376630326338383266326162613161333034
31373263396538633737616234623861396562643664353539343938393238623530396137333538
30633161323861323630623237643031663831643364363932663033666662316634323831623033
39316336633137616637333362336663616134303461366134303162396366363061666338393362
39323032356632653936303363613763373030636239613038363761303537316462313835313432
39333336356163383261373336326363366438383730373639623736613831373032353139653935
66643030396461383565363232336663363930383666623739353030393430623263623363316636
34333133623963316438343234316466663535333865393665633537643034303234313535653935
39383764323063353764326561383933663738643937656264313136383365633134313666333832
37393661333435626534613439626361373239313636636339616637386565303032376365613436
36396365313930373335326361643234366662366237646137613063303264366132323836383736
64656161353535613561376138306332363837356537626630323962643364373566383437666139
61393932333039316662343764656162353132386566346137313833313964306536643330646361
36336665623039633962623861316261663366656338373636303031623636393331613131623765
31633034666166366164366362346435663966376363303931633533303232336263646265316264
34336134303538366137613834643331616236343266653962616138666235363838356565633633
38393132653939326332326264373163393961616331376433636466316437346661363330303064
39613038663536656533663132636435386137653861623566326663316238626662666464393133
34363662353238393262373739633661636439383438323837386438333636643538373033343766
34386364383936356536333264353861636131636637303237613166336163623665653761663864
63636431656632303833333966356630653233366665373335616565386662393233313761393432
38633430353736623462353361363430663138313031393030353732653763303036376137333936
62353038356161366139316234313436383233353263343165643563323363623663653539313339
37346534373433303265616265616663336632616539343863656131626238346263366635316139
30313865623536613436643234643335376464343933653236653436336139346137386537623130
39663639613336393134323538396332316337623438343738383134303131363164636634656132
39323937303165313031666136393564323134363730323866353261363830323837356464323631
36653133386434386637303762653266623265363566343438353138323561633035316238323864
65646134616361386239613562356134613039336166303561393338346338386339343434383166
66623037663331643333653030636137346235636533623234393765646239393931323361646631
64636332663032303866623232396366313863613039306363396430353834393561373538663463
30636566653161653135666565343034303664356539356662323362636562633035386437653434
35663538366233666438376233646534613966393264306439356430366239663739376463333662
66366532396262336531373766356534323232323261306430336330656366303731373232336336
61393766306633356536356266353834376634323865623964633734643630323962613139616635
30663466363634323530316431646264323663653538383133653132316437343234626238366630
61353534643865373534636533306133303833393537383134313236333835343763366366326664
30376435656434653436373232353333353330373263326265383531346331346137663936646461
66323165616636363034313961663838656361616233633466306366623439303563393739346533
35633664303233623237396130333762343966373831656362633765343463393334393761363338
30643366333565336532666234613537363366643630366462336465656536393936326538316535
65303138366363323061636263633233663737373666643536306333666332646537396461616462
39373238356338303761313738343133303337623431313739323635633833663136386630373266
31363736633363363333383565386239336261626632343335643236636132646234663535323133
64396663636362626661616435303663386562393532336535626166663663653961336637386537
32343166396561343136313766373238366366386333346531313762326262363164313664643633
65663635393264653933333965613136306265373938366662383836303037373131336231376231
32343331616365313138663533353634363635373432396432376161366366383364633537633735
66633434336136623239623832386636346333353230303031633433663530623330326432363966
38616466366133306130356134346539373365393731326231386435646663626433616332366565
36653339383333653966616166376464363335343463663538326362316536303039346234616339
65663333646161356133323230616363613437306365303630346331333439336530343638343966
37383936363532376431383439663031623439323164373936363334333964306366653332326364
39323665323461613063656138626262653562326166313964626264383965376664376266663538
30323831393965303433636465383464393938623635363665366238313237396664383031633437
31663334343231323437373035613635393666313866643230393732343431323637643838316135
32333138633930353236623935366361333430373164333538373838613264336631646137313366
37303237316265303639653931396137613434623933373961346461313935313937386531643962
65356432363461353634366232393633623138336135346136646336643666376363643336306662
37356266313639386262653835393532623335663832313738356437383033663034616663353761
32356164333662336535303563303065393434636539313163383162633832343333656533633538
35393630396131316238353963643839666163323762663961383135343731316430326533353265
36353833313839663563356462316238643066373331346536323937336237646666336338396134
37623433643430373130383161646264383230396438353339666166643333653164393962353332
3931346261396366666565306431653938613539343162643436
