$ANSIBLE_VAULT;1.1;AES256
62303433336436386563636566646537313732613337336532303234343934333061646432343531
6635363837633931336430376266333265653530333534640a333265323063373134663863646437
39303165656230313034353766633636646161333530336238313332633430613435343636323562
3165353961363833380a623830363638326666656261366262386535353534306339356334303030
38626562666435663939326633333066343633626434613839313665366531383963626332346233
64356433623435653563663039313238613038363937366639313065316234346565383135353432
31333362623233366461613839363132346239346435643831626265323861343336376665353533
36656661376639666464656666306264383836656330383265323932393365323137653630613063
66356635613362336331373661633565313032386134373134396466333566333435633265343536
63386632626331656233363636623932313061613336623165383336316431396133373133646665
64653561386662316166646534393065373232366536376335663532363361306339613633393433
34313534346535313934386632313638653562666533653966393736633834636331666662643161
37353933386264653833303263396634613634626266343836363161663031663931373032626438
31333835316362663833336263356337346664373536346536656635316531333236613661613239
32373763346239386261633938653166623362363733343162656566313266653562626234303961
65316434323139646432623738633764303864626165386661376661326562613835363734336533
64336131356463396537643734303139636465346338363237303538666135616539653261383135
65306262386434626639653935653637303337616535333939366565666131333438616664656532
32666466343363313364363738353762353465353637616661656436313661613033343563323036
38343030376338663862373162386233313232353930626532306636643561366561313035326335
31626266363966663831333330633831336633616134646335646365373965653561363432666137
61663235623836633230336239376662623163353331653864353438636537363837626339366633
66383030666562306663656266313634363738313031623566626335356233616433356562363336
35663633303733383834333163616437376237356439373138353661646635393638303931366531
37383962326435376636663934373737663639383430646432313561303166643730343034353833
64333636363136626633643831383136323739616333636164366565623265303565633366333739
33313064626533626665336335643363376437303630333234616331353135613734653438666564
66653165663538313631656164633561363437663432326334356664653261353236663536303535
39383065313837343932313037653631373761393539363135323964643761306435626363323464
64323338653661346461626333383539313562663864636334353561353432643661303236303965
34353566303666323862393439303335353362666362396638353333386332643633646434663632
63326337646232313331313966666536363036393661386634336564363937333161656130373937
61336666643065386263613338613864303164656130353730303432373035346161626133346265
38363131643531386538613030303866343439626364376231633836363662383039336436353438
61383862666463346665373165323630353335323239646230346263316533393136656265623164
36393837356239366537316264633636306336366539303032663839643462663739616137623434
32633766326434323938363134393364333162313938353234303336386230386136643566333662
30373737623463303465366537316338393337356131303863333333666235333136646265376137
30313161626537393532323237363539373564326366613862646535353262386634313838326133
31626534326134633336336135396336633466623031633232663439316137353737646165323138
35623735633034363166613731393433616636623632316666323534616262336630343238636266
31306533616464663237396432363662303463356337313234656364623933623637613864366430
66663738333764653161383730333239643830393664613234346138386635326264663863623832
61623562663363313838363836313834653132306362303166306261313638373039636266366566
66663763653936363137616361653232323135323533336237376162366638353431343731323233
33316365663633643939393236343830653364326531306234313166333637333938663933323035
61396366393032666234303636396237353933313938376162383866663139623730323534336135
32396139396536663334396130646339303761356366333664386566666161363636663737386662
35653431323833656533616165613334646530616331353435353837336366653164303333363337
39363333363561343236653930373462393963333765333430363633386533356366383637656664
64393664363230306636663663353166323433366637373534626461383164643638373430306332
62363030633161613930656138646662643037363262306136316338376238633238363138393035
61646265343432393061356463373233343732373836313263373536663364336331376332333562
33326666666137383066663166353133356339386539643262656166616362333332623632393163
36333537366531376234393063373235636138373034363066333465393461313835626636386437
66356166623265376562613066623738393734383966386531326665626530303563666463323939
32393234353138636262383062306566366633333765373561646639313062386361616438353639
63633132363635326634363466323166343564613961323839323665343835373261393233396239
66643266353236623336316530393330326633306166326561346432656530633434313862316630
61653139333434666637646261653837343965643134313561356138393262383762366136643733
35353966303834306533353661643139393637623663613466636135393630623766326231396266
39633632373335356235353631353966623730653063656363326464356661333036383039376136
30363835623963326234626137376162316436353463656537366632646539656136613763363931
36316262656239323230653262363339323533306261393231353036303532623765396536343630
64303732363866363831353034373933383465636234393361643130333765363265616563653536
30356233336563643961623238653962383831373738666431663736303531383632393564353135
32646365626664613235303231663765323961316265643339396139636261306631383262313230
63376232303864373034386632306531636536303862656361386563373035323635666230303638
35343633353862313964326330613964613337386138323631623136646632376265656133303831
65313261613239343862303335306631656435383139393733663034613462663561383639393231
36363564633434666463613536636665393138633766313335393232306230373134343538316662
36303430626232343562313065393130353837633536633864383636363466346130353331343561
37653231633338343966316238306665353666316334663439323161373661313962376466383834
65303137656462333138316334626331306235613236343265653163653432626235363234376563
37343135323561363634343131633130373039643263326161313066653864303164666630393038
33323833313761336637353835666333356431366264663464623164643739393734383838366665
66386565643364643138366565623165333335646130636264343833393864643636626637366234
30666232303436623731333239666333633837373564616235363537313235396162303133343064
33663531666134653362363430316338613233613734356539666333306331376131306161336336
33366331316461353161383039373131633836613132613962643563343266356161643734303763
39303466373530373261316561373465353235623539643662623831653536626230356336373762
64613032323362363438373464616639376435613364613661643939653438633531366662643030
64653766363431613531383631343937373463653839336439666434326435343666376163626237
66636362353737383162336466333931366265353530393731626539653231383564343735363233
33643833373035303536326638623738366632646338633938653337663832373761396436303931
38306233346130383737666137346561346330313662333765313435383961636538663131663531
35376134373531653338373133316433343965383937363161383961656539353661363664333066
32616334313234363363323038666239373063323633376261326138653235393838633032333861
36646265653436613832623837343132666538383731393866386666366464623664363662393536
61373363356435373931633831353661383262656536663439623033306435636566653665633532
30333966396339633663333431346362656462386537343866356138613066663130636431633539
66663431323533623230623063313863363761626139633962656162663938613461636235326435
38383461346561663462323262363964343761343664346462343130326132396462623439373661
61666262396135393266613166653735643638393664383963386533643164373731346136343463
36326665303063643238623030643231353665306530663561356539343465373166633133646239
36396339356561323462643336633962326663326431323866313732326133333465666133643236
34646134333833323132353335633030306666643339393162323534393839396564643130633762
65393866376565323362616138613738363833303832336435373139333063376637623433303965
34306435626134366662626336383662343131616361663638323432306535663361643161333433
66303164356439616435366135316535323932326463616465633665353533636565616163353437
30333538323332393936643438393762393839643462393237633435333335363930346531663739
62366664306366656464333661333062396662316561333639643363373862306631663538643333
61306436333939303263666662353261313464366136663835663565383331353534336538623732
31373838303863636662326537633234316635373539393264323438623433313764393061313263
37363563653932643139383864393939356562373565633935633764383038303331333235313236
39643463336561663239633631373334303239396235393265333638653239613764353635633163
32623964333431303338643963396332313635643435643936643130346666616137616438366431
62333234303864323133393136303935393033343734623831613534386137383162366531663561
34353661303234633832643236316230343064316131373437373732616331346434633836356265
36633335376163353262623337376662353438373635373331323861663562343532313135656266
31336337613234623739633735326232303565393537656232396166636538376230386566383132
39383334643530653263653432396633373134653937333930323133373964666137386330626437
34353435633836323264363931663931363839333533356439313434666361313237646266633965
35373336356130333232303935623637383265313163633663383839333762336331376632646238
36653939366634383164656435663466346661643432613338393762323039653332313530303439
35653034323666393361373438373737323433393632303230643965613163316233336632613730
38636364373066326236366133636562366563376633623337383930326264323235333532336230
39383931326437616362356632633632313230323731393030643636613537383739323936633339
35613038396132386463643131643936393964366565353530646363633130653033343463616264
61326163363062663061643466376463383939343037643336363738326166383435376534393434
64646565396565653534636536303333386464343138636532643333623631373439306534316436
63386461636664316532623761363964666531653036333366333661373036376534323833393235
31623662613536306563356238646565386438626439373365336362366432323734336337353232
66313162346463313736313630346462346165636130306133363135666265613438613864306264
37663636616635396334623738366630303238376531343164306632323336336432336537636633
66303435353566376565303633363137356264346666346566643835653334316639646365646661
34383966656135366366663834393064313462663662346263366134616265306666616636663730
30376161643133393032336338343230376663303132666234616431666538323332346163306431
61383466353061306234623762656334376465313534653737636465376636306261663861616136
35653032336235333362623032376265346439333162653431373461303164643961373061346230
35303137366161366633313432353130646535373938623833303864666635353363623034643932
36303364313338663365363666343437336565336431646261393132633336346262653238303233
31303764313038333065396563383237346435323663326139613363376365663665
